###################################################################################################################
#Corrected data of the spectrum from the file N100_gain_7.988_700V_canais_2048c_10mA1.mca
###################################################################################################################
#
#Input Parameters declared
#
#Linear coefficient a = 0.07599 keV and linear coefficient b = -0.08387 keV
#Tube Voltage 100 kV
#Total number of channels 2048
#------------------------------------------------------------------------------------------------------------------
#The mean energy before was 77.00813 keV and the correted is 81.1107 keV 
#------------------------------------------------------------------------------------------------------------------
#
#Energy (keV); counts
-0.08387 , 0
-0.00788 , 0
0.06811 , 0
0.1441 , 0
0.22009 , 0
0.29608 , 0
0.37207 , 0
0.44806 , 0
0.52405 , 0
0.60004 , 0
0.67603 , 0
0.75202 , 0
0.82801 , 0
0.904 , 0
0.97999 , 0
1.05598 , 0
1.13197 , 0
1.20796 , 0
1.28395 , 0
1.35994 , 0
1.43593 , 0
1.51192 , 0
1.58791 , 0
1.6639 , 0
1.73989 , 0
1.81588 , 0
1.89187 , 0
1.96786 , 0
2.04385 , 0
2.11984 , 0
2.19583 , 0
2.27182 , 0
2.34781 , 0
2.4238 , 0
2.49979 , 0
2.57578 , 0
2.65177 , 0
2.72776 , 0
2.80375 , 0
2.87974 , 0
2.95573 , 0
3.03172 , 0
3.10771 , 0
3.1837 , 0
3.25969 , 0
3.33568 , 0
3.41167 , 0
3.48766 , 0
3.56365 , 0
3.63964 , 0
3.71563 , 0
3.79162 , 0
3.86761 , 0
3.9436 , 0
4.01959 , 0
4.09558 , 0
4.17157 , 0
4.24756 , 0
4.32355 , 0
4.39954 , 0
4.47553 , 0
4.55152 , 0
4.62751 , 0
4.7035 , 0
4.77949 , 0
4.85548 , 0
4.93147 , 0
5.00746 , 309.2184
5.08345 , 264.9284
5.15944 , 314.5596
5.23543 , 251.313
5.31142 , 289.9869
5.38741 , 310.6567
5.4634 , 258.0378
5.53939 , 245.9376
5.61538 , 246.5992
5.69137 , 232.7317
5.76736 , 239.7166
5.84335 , 208.2833
5.91934 , 215.4052
5.99533 , 208.5226
6.07132 , 211.7859
6.14731 , 244.9476
6.2233 , 216.7478
6.29929 , 226.0824
6.37528 , 252.4063
6.45127 , 244.5173
6.52726 , 229.9447
6.60325 , 251.1377
6.67924 , 210.3493
6.75523 , 212.4489
6.83122 , 205.6534
6.90721 , 210.4582
6.9832 , 178.5948
7.05919 , 196.5108
7.13518 , 214.2009
7.21117 , 223.8736
7.28716 , 223.8423
7.36315 , 195.9702
7.43914 , 199.9124
7.51513 , 207.2086
7.59112 , 193.8345
7.66711 , 189.664
7.7431 , 224.3453
7.81909 , 173.6978
7.89508 , 211.4797
7.97107 , 208.8201
8.04706 , 203.6096
8.12305 , 205.9145
8.19904 , 217.2626
8.27503 , 232.6164
8.35102 , 236.8425
8.42701 , 254.7566
8.503 , 266.6234
8.57899 , 275.7597
8.65498 , 219.1972
8.73097 , 160.0816
8.80696 , 149.065
8.88295 , 154.0902
8.95894 , 197.4966
9.03493 , 173.8312
9.11092 , 138.3092
9.18691 , 165.9023
9.2629 , 191.2508
9.33889 , 191.0198
9.41488 , 187.8736
9.49087 , 203.7589
9.56686 , 243.6295
9.64285 , 272.4058
9.71884 , 292.7128
9.79483 , 248.1783
9.87082 , 269.541
9.94681 , 253.7089
10.0228 , 241.2607
10.09879 , 187.8086
10.17478 , 187.7419
10.25077 , 158.6159
10.32676 , 152.8964
10.40275 , 147.4772
10.47874 , 167.1804
10.55473 , 158.3381
10.63072 , 137.3217
10.70671 , 181.6666
10.7827 , 188.7968
10.85869 , 126.3788
10.93468 , 157.0708
11.01067 , 155.4889
11.08666 , 170.7643
11.16265 , 167.8131
11.23864 , 181.3063
11.31463 , 145.6249
11.39062 , 162.0415
11.46661 , 149.2458
11.5426 , 123.9721
11.61859 , 168.098
11.69458 , 131.4605
11.77057 , 147.8286
11.84656 , 146.1618
11.92255 , 141.9507
11.99854 , 179.485
12.07453 , 175.4293
12.15052 , 149.3612
12.22651 , 170.3241
12.3025 , 188.7631
12.37849 , 152.9508
12.45448 , 153.3983
12.53047 , 143.0307
12.60646 , 149.7641
12.68245 , 150.0007
12.75844 , 136.1594
12.83443 , 136.1525
12.91042 , 135.4363
12.98641 , 147.4332
13.0624 , 124.8569
13.13839 , 143.2589
13.21438 , 148.6347
13.29037 , 149.108
13.36636 , 188.0431
13.44235 , 165.6904
13.51834 , 145.5976
13.59433 , 164.2247
13.67032 , 152.0447
13.74631 , 151.0294
13.8223 , 167.0463
13.89829 , 149.555
13.97428 , 149.4367
14.05027 , 161.1785
14.12626 , 163.4585
14.20225 , 209.0915
14.27824 , 165.2147
14.35423 , 157.1347
14.43022 , 177.6923
14.50621 , 146.8407
14.5822 , 162.1841
14.65819 , 147.5729
14.73418 , 168.4221
14.81017 , 145.557
14.88616 , 131.5195
14.96215 , 142.3323
15.03814 , 158.526
15.11413 , 151.8818
15.19012 , 152.3363
15.26611 , 161.2542
15.3421 , 156.9915
15.41809 , 185.0286
15.49408 , 158.902
15.57007 , 162.1717
15.64606 , 140.6732
15.72205 , 142.9444
15.79804 , 153.3589
15.87403 , 189.0916
15.95002 , 155.096
16.02601 , 154.4648
16.102 , 153.2732
16.17799 , 148.8027
16.25398 , 140.0835
16.32997 , 157.2591
16.40596 , 152.7601
16.48195 , 137.5751
16.55794 , 142.6335
16.63393 , 151.796
16.70992 , 138.3148
16.78591 , 173.27
16.8619 , 133.5689
16.93789 , 132.901
17.01388 , 161.6595
17.08987 , 141.8245
17.16586 , 144.4977
17.24185 , 159.2068
17.31784 , 163.3268
17.39383 , 120.3416
17.46982 , 145.2412
17.54581 , 160.2337
17.6218 , 171.7531
17.69779 , 174.8616
17.77378 , 165.0615
17.84977 , 147.2333
17.92576 , 140.4226
18.00175 , 137.7994
18.07774 , 162.5847
18.15373 , 112.8869
18.22972 , 158.4661
18.30571 , 123.1025
18.3817 , 154.4261
18.45769 , 164.0211
18.53368 , 169.6355
18.60967 , 157.7452
18.68566 , 134.806
18.76165 , 135.2962
18.83764 , 133.461
18.91363 , 149.0466
18.98962 , 129.7537
19.06561 , 187.6432
19.1416 , 149.8145
19.21759 , 159.0467
19.29358 , 135.1888
19.36957 , 147.8243
19.44556 , 164.0326
19.52155 , 142.5437
19.59754 , 152.8999
19.67353 , 149.9136
19.74952 , 137.6967
19.82551 , 145.0899
19.9015 , 130.9181
19.97749 , 166.0744
20.05348 , 162.9545
20.12947 , 123.4638
20.20546 , 154.1459
20.28145 , 150.5566
20.35744 , 139.6325
20.43343 , 145.7638
20.50942 , 142.523
20.58541 , 133.7755
20.6614 , 161.4183
20.73739 , 151.9062
20.81338 , 165.0754
20.88937 , 150.0031
20.96536 , 179.0277
21.04135 , 176.2036
21.11734 , 196.4699
21.19333 , 214.5931
21.26932 , 206.1477
21.34531 , 191.0632
21.4213 , 240.7295
21.49729 , 232.1587
21.57328 , 232.4113
21.64927 , 252.4038
21.72526 , 205.7693
21.80125 , 169.2738
21.87724 , 180.8106
21.95323 , 197.502
22.02922 , 151.7164
22.10521 , 157.1339
22.1812 , 149.3539
22.25719 , 164.8463
22.33318 , 144.8365
22.40917 , 156.7618
22.48516 , 130.4352
22.56115 , 142.6885
22.63714 , 129.6855
22.71313 , 140.8328
22.78912 , 143.662
22.86511 , 119.5375
22.9411 , 112.2919
23.01709 , 115.1129
23.09308 , 115.7601
23.16907 , 118.4336
23.24506 , 113.2847
23.32105 , 124.4866
23.39704 , 104.6445
23.47303 , 121.9395
23.54902 , 114.1956
23.62501 , 123.1873
23.701 , 111.2235
23.77699 , 122.9987
23.85298 , 139.5202
23.92897 , 108.2204
24.00496 , 135.265
24.08095 , 135.9124
24.15694 , 151.6625
24.23293 , 166.9932
24.30892 , 149.0499
24.38491 , 155.5552
24.4609 , 144.007
24.53689 , 147.7815
24.61288 , 147.5891
24.68887 , 141.8875
24.76486 , 119.1994
24.84085 , 168.3592
24.91684 , 167.9044
24.99283 , 112.803
25.06882 , 97.4114
25.14481 , 120.2555
25.2208 , 125.6431
25.29679 , 102.7133
25.37278 , 124.1696
25.44877 , 113.1157
25.52476 , 108.6821
25.60075 , 110.7517
25.67674 , 114.4142
25.75273 , 113.7057
25.82872 , 114.2454
25.90471 , 110.6075
25.9807 , 142.6568
26.05669 , 116.8295
26.13268 , 117.4921
26.20867 , 137.2526
26.28466 , 110.8251
26.36065 , 138.3092
26.43664 , 120.9687
26.51263 , 126.3484
26.58862 , 170.4277
26.66461 , 128.4534
26.7406 , 124.8367
26.81659 , 103.8409
26.89258 , 109.4366
26.96857 , 106.5842
27.04456 , 107.6003
27.12055 , 104.8666
27.19654 , 85.0452
27.27253 , 88.0661
27.34852 , 93.1843
27.42451 , 82.4762
27.5005 , 114.6922
27.57649 , 88.7053
27.65248 , 71.2737
27.72847 , 102.5585
27.80446 , 104.9229
27.88045 , 62.767
27.95644 , 77.7961
28.03243 , 100.2754
28.10842 , 81.7695
28.18441 , 84.5912
28.2604 , 96.184
28.33639 , 92.0583
28.41238 , 92.6924
28.48837 , 58.3962
28.56436 , 73.4889
28.64035 , 73.0026
28.71634 , 108.4911
28.79233 , 97.0434
28.86832 , 80.7912
28.94431 , 72.0668
29.0203 , 73.1048
29.09629 , 37.8886
29.17228 , 62.7574
29.24827 , 68.9789
29.32426 , 87.9869
29.40025 , 77.4149
29.47624 , 70.0924
29.55223 , 62.7126
29.62822 , 74.4607
29.70421 , 94.9044
29.7802 , 61.2009
29.85619 , 72.109
29.93218 , 68.0952
30.00817 , 73.3159
30.08416 , 75.2851
30.16015 , 109.8656
30.23614 , 77.7085
30.31213 , 47.6552
30.38812 , 69.4331
30.46411 , 64.4512
30.5401 , 71.8273
30.61609 , 67.1068
30.69208 , 92.4336
30.76807 , 92.4571
30.84406 , 79.7761
30.92005 , 81.1676
30.99604 , 76.9597
31.07203 , 69.1451
31.14802 , 59.1231
31.22401 , 59.505
31.3 , 91.3651
31.37599 , 66.8276
31.45198 , 69.9494
31.52797 , 40.3752
31.60396 , 60.4725
31.67995 , 38.1934
31.75594 , 46.7044
31.83193 , 72.132
31.90792 , 97.7534
31.98391 , 125.4746
32.0599 , 92.0339
32.13589 , 62.2494
32.21188 , 138.1949
32.28787 , 91.0105
32.36386 , 95.1572
32.43985 , 91.7527
32.51584 , 103.6253
32.59183 , 101.1338
32.66782 , 77.739
32.74381 , 67.3793
32.8198 , 50.0554
32.89579 , 47.0091
32.97178 , 47.2641
33.04777 , 97.7954
33.12376 , 86.473
33.19975 , 60.9556
33.27574 , 84.8201
33.35173 , 65.4978
33.42772 , 84.6523
33.50371 , 40.3182
33.5797 , 82.4487
33.65569 , 41.2856
33.73168 , 46.2924
33.80767 , 58.7598
33.88366 , 89.4415
33.95965 , 63.2863
34.03564 , 60.7722
34.11163 , 57.7266
34.18762 , 72.4261
34.26361 , 48.2375
34.3396 , 66.2591
34.41559 , 61.2701
34.49158 , 72.7381
34.56757 , 66.3215
34.64356 , 71.5524
34.71955 , 97.1616
34.79554 , 106.3487
34.87153 , 126.7949
34.94752 , 92.6717
35.02351 , 103.5343
35.0995 , 111.3387
35.17549 , 76.3354
35.25148 , 58.4247
35.32747 , 93.7727
35.40346 , 48.7931
35.47945 , 68.5709
35.55544 , 68.782
35.63143 , 80.9817
35.70742 , 35.887
35.78341 , 24.8216
35.8594 , 64.8778
35.93539 , 40.9449
36.01138 , 84.4758
36.08737 , 72.9256
36.16336 , 109.9203
36.23935 , 166.5689
36.31534 , 128.9227
36.39133 , 122.508
36.46732 , 89.1738
36.54331 , 111.2629
36.6193 , 88.9873
36.69529 , 97.633
36.77128 , 61.1883
36.84727 , 95.1396
36.92326 , 70.0982
36.99925 , 80.1526
37.07524 , 110.6423
37.15123 , 88.4702
37.22722 , 81.8162
37.30321 , 75.6911
37.3792 , 57.5082
37.45519 , 54.491
37.53118 , 91.902
37.60717 , 42.3293
37.68316 , 64.9336
37.75915 , 52.2928
37.83514 , 60.3479
37.91113 , 55.6014
37.98712 , 51.5302
38.06311 , 90.0135
38.1391 , 101.7206
38.21509 , 57.943
38.29108 , 62.1036
38.36707 , 91.4453
38.44306 , 92.9242
38.51905 , 22.1511
38.59504 , 45.0251
38.67103 , 83.9631
38.74702 , 69.0634
38.82301 , 81.6838
38.899 , 44.7804
38.97499 , 55.6773
39.05098 , 41.1433
39.12697 , 11.3798
39.20296 , 19.5952
39.27895 , 53.8347
39.35494 , 14.6502
39.43093 , 53.7664
39.50692 , 31.8051
39.58291 , 46.5676
39.6589 , 73.2651
39.73489 , 73.9012
39.81088 , 62.691
39.88687 , 104.3647
39.96286 , 62.745
40.03885 , 54.9315
40.11484 , 57.2118
40.19083 , 120.6878
40.26682 , 61.6515
40.34281 , 78.985
40.4188 , 63.867
40.49479 , 87.3431
40.57078 , 47.0487
40.64677 , 93.4089
40.72276 , 7.2418
40.79875 , 53.7569
40.87474 , 66.0148
40.95073 , 50.0941
41.02672 , 65.424
41.10271 , 88.2364
41.1787 , 52.1044
41.25469 , 84.4837
41.33068 , 98.2061
41.40667 , 33.998
41.48266 , 103.5866
41.55865 , 77.7526
41.63464 , 12.9371
41.71063 , 68.2083
41.78662 , 99.346
41.86261 , 85.0843
41.9386 , 85.7038
42.01459 , 78.2588
42.09058 , 88.5991
42.16657 , 86.6533
42.24256 , 42.1541
42.31855 , 49.7671
42.39454 , 81.0096
42.47053 , 98.0905
42.54652 , 68.5777
42.62251 , 77.388
42.6985 , 69.0048
42.77449 , 77.0106
42.85048 , 47.6955
42.92647 , 93.6287
43.00246 , 3.3324
43.07845 , 58.2664
43.15444 , 69.1704
43.23043 , 44.9088
43.30642 , 26.5369
43.38241 , 48.2356
43.4584 , 49.5673
43.53439 , 71.4816
43.61038 , 87.6892
43.68637 , 50.6285
43.76236 , 62.7313
43.83835 , 71.1863
43.91434 , 64.9251
43.99033 , 81.9025
44.06632 , 97.8036
44.14231 , 117.5923
44.2183 , 74.1355
44.29429 , 115.2947
44.37028 , 128.938
44.44627 , 82.3061
44.52226 , 55.8724
44.59825 , 107.7641
44.67424 , 73.3953
44.75023 , 68.1583
44.82622 , 89.6253
44.90221 , 50.2663
44.9782 , 59.57
45.05419 , 39.2533
45.13018 , 64.9947
45.20617 , 95.5393
45.28216 , 65.3641
45.35815 , 93.014
45.43414 , 42.9459
45.51013 , 53.9897
45.58612 , 52.6663
45.66211 , 87.8588
45.7381 , 47.9543
45.81409 , 57.7401
45.89008 , 95.1376
45.96607 , 152.1199
46.04206 , 110.8709
46.11805 , 98.0559
46.19404 , 112.7014
46.27003 , 91.5001
46.34602 , 95.4851
46.42201 , 61.815
46.498 , 127.0928
46.57399 , 76.8037
46.64998 , 73.8507
46.72597 , 99.3582
46.80196 , 72.8564
46.87795 , 89.3885
46.95394 , 65.9998
47.02993 , 86.6418
47.10592 , 102.0774
47.18191 , 120.1098
47.2579 , 141.9052
47.33389 , 116.443
47.40988 , 95.7667
47.48587 , 66.2832
47.56186 , 96.3932
47.63785 , 87.4701
47.71384 , 63.6362
47.78983 , 93.6597
47.86582 , 102.334
47.94181 , 106.4123
48.0178 , 82.012
48.09379 , 70.1681
48.16978 , 54.1739
48.24577 , 90.1665
48.32176 , 92.9229
48.39775 , 5.2295
48.47374 , 63.7712
48.54973 , 87.5573
48.62572 , 65.6786
48.70171 , 116.751
48.7777 , 91.239
48.85369 , 59.4932
48.92968 , 130.843
49.00567 , 88.2528
49.08166 , 75.1609
49.15765 , 107.8269
49.23364 , 146.4319
49.30963 , 85.8069
49.38562 , 95.3842
49.46161 , 139.975
49.5376 , 101.3822
49.61359 , 126.0104
49.68958 , 98.5396
49.76557 , 95.3333
49.84156 , 121.3544
49.91755 , 76.1957
49.99354 , 134.9681
50.06953 , 127.541
50.14552 , 131.1815
50.22151 , 118.6159
50.2975 , 142.6241
50.37349 , 82.55
50.44948 , 87.8145
50.52547 , 126.3991
50.60146 , 145.3054
50.67745 , 144.1995
50.75344 , 113.1203
50.82943 , 140.4577
50.90542 , 157.901
50.98141 , 89.9126
51.0574 , 138.7364
51.13339 , 126.6372
51.20938 , 103.4186
51.28537 , 82.7407
51.36136 , 132.8529
51.43735 , 124.3913
51.51334 , 148.3109
51.58933 , 124.0111
51.66532 , 141.8674
51.74131 , 128.6596
51.8173 , 136.7698
51.89329 , 114.3339
51.96928 , 129.5532
52.04527 , 151.2169
52.12126 , 129.6392
52.19725 , 140.6867
52.27324 , 149.2064
52.34923 , 140.2757
52.42522 , 154.5049
52.50121 , 113.7234
52.5772 , 195.0271
52.65319 , 145.7731
52.72918 , 167.6837
52.80517 , 116.1569
52.88116 , 184.3345
52.95715 , 203.5161
53.03314 , 171.6159
53.10913 , 165.7297
53.18512 , 141.9956
53.26111 , 142.45
53.3371 , 170.984
53.41309 , 168.4917
53.48908 , 188.1568
53.56507 , 156.4564
53.64106 , 182.4408
53.71705 , 178.4942
53.79304 , 208.4797
53.86903 , 225.4207
53.94502 , 233.3382
54.02101 , 172.463
54.097 , 173.322
54.17299 , 195.9102
54.24898 , 249.3898
54.32497 , 239.2777
54.40096 , 216.517
54.47695 , 207.3082
54.55294 , 242.5418
54.62893 , 175.1539
54.70492 , 227.9272
54.78091 , 230.8697
54.8569 , 217.2584
54.93289 , 244.6269
55.00888 , 225.0648
55.08487 , 219.7304
55.16086 , 236.8087
55.23685 , 316.5143
55.31284 , 299.5386
55.38883 , 222.6568
55.46482 , 308.468
55.54081 , 272.914
55.6168 , 314.6099
55.69279 , 309.637
55.76878 , 301.1424
55.84477 , 305.3627
55.92076 , 361.9678
55.99675 , 286.9704
56.07274 , 310.3316
56.14873 , 327.8855
56.22472 , 360.0978
56.30071 , 331.7241
56.3767 , 381.2055
56.45269 , 380.9874
56.52868 , 368.0156
56.60467 , 368.8157
56.68066 , 466.8439
56.75665 , 436.8803
56.83264 , 499.1521
56.90863 , 507.6808
56.98462 , 515.7854
57.06061 , 483.0574
57.1366 , 528.4453
57.21259 , 581.0625
57.28858 , 598.0638
57.36457 , 693.8057
57.44056 , 730.682
57.51655 , 889.3249
57.59254 , 988.2916
57.66853 , 1114.5501
57.74452 , 1274.4041
57.82051 , 1567.7337
57.8965 , 1590.7467
57.97249 , 1646.0343
58.04848 , 1581.5705
58.12447 , 1601.507
58.20046 , 1399.6923
58.27645 , 1143.2716
58.35244 , 1082.7239
58.42843 , 982.458
58.50442 , 985.7012
58.58041 , 956.2479
58.6564 , 1014.3719
58.73239 , 1176.3861
58.80838 , 1371.2117
58.88437 , 1499.6567
58.96036 , 1792.6858
59.03635 , 2133.7516
59.11234 , 2529.9799
59.18833 , 2790.5464
59.26432 , 2920.3792
59.34031 , 2868.3386
59.4163 , 2624.8081
59.49229 , 2335.8152
59.56828 , 2031.7418
59.64427 , 1610.0326
59.72026 , 1246.9198
59.79625 , 1036.8165
59.87224 , 913.5547
59.94823 , 827.9867
60.02422 , 797.1212
60.10021 , 830.1178
60.1762 , 815.449
60.25219 , 838.9361
60.32818 , 759.443
60.40417 , 819.1193
60.48016 , 848.6708
60.55615 , 791.0288
60.63214 , 935.8124
60.70813 , 909.7772
60.78412 , 855.8452
60.86011 , 982.5588
60.9361 , 960.1811
61.01209 , 990.6695
61.08808 , 1041.1158
61.16407 , 961.4584
61.24006 , 1000.6321
61.31605 , 1034.2146
61.39204 , 1002.0617
61.46803 , 1075.2847
61.54402 , 1067.4741
61.62001 , 1018.7501
61.696 , 1085.3779
61.77199 , 1130.392
61.84798 , 1228.0787
61.92397 , 1204.479
61.99996 , 1252.9924
62.07595 , 1166.5676
62.15194 , 1187.8737
62.22793 , 1265.0913
62.30392 , 1404.0423
62.37991 , 1313.0296
62.4559 , 1281.867
62.53189 , 1432.429
62.60788 , 1364.1932
62.68387 , 1333.7691
62.75986 , 1395.2002
62.83585 , 1496.3094
62.91184 , 1464.8113
62.98783 , 1484.8527
63.06382 , 1607.4156
63.13981 , 1531.4841
63.2158 , 1594.0174
63.29179 , 1599.8914
63.36778 , 1650.1445
63.44377 , 1580.3903
63.51976 , 1651.1872
63.59575 , 1761.0108
63.67174 , 1710.3504
63.74773 , 1758.5528
63.82372 , 1822.6724
63.89971 , 1913.5622
63.9757 , 1804.2312
64.05169 , 1906.3451
64.12768 , 1963.8298
64.20367 , 1952.2882
64.27966 , 1945.0809
64.35565 , 1967.6505
64.43164 , 1972.7009
64.50763 , 2050.9392
64.58362 , 2099.8895
64.65961 , 2259.4128
64.7356 , 2215.6332
64.81159 , 2216.4793
64.88758 , 2273.326
64.96357 , 2327.0927
65.03956 , 2376.6505
65.11555 , 2389.7848
65.19154 , 2482.5802
65.26753 , 2627.8204
65.34352 , 2584.1382
65.41951 , 2711.316
65.4955 , 2606.2021
65.57149 , 2740.9994
65.64748 , 2689.0722
65.72347 , 2851.7759
65.79946 , 2948.8636
65.87545 , 2944.2903
65.95144 , 3125.5178
66.02743 , 3329.9531
66.10342 , 3304.7081
66.17941 , 3439.368
66.2554 , 3563.4153
66.33139 , 3660.3001
66.40738 , 3801.1493
66.48337 , 4050.755
66.55936 , 4282.6167
66.63535 , 4624.07
66.71134 , 4908.3724
66.78733 , 5455.5293
66.86332 , 5631.276
66.93931 , 6020.8228
67.0153 , 6171.5381
67.09129 , 6314.4886
67.16728 , 6272.0167
67.24327 , 5987.6955
67.31926 , 5919.1866
67.39525 , 5359.7313
67.47124 , 4871.0786
67.54723 , 4613.2784
67.62322 , 4415.8437
67.69921 , 4108.0615
67.7752 , 4171.7831
67.85119 , 4039.8778
67.92718 , 3971.5325
68.00317 , 3987.4409
68.07916 , 4002.7133
68.15515 , 4102.4122
68.23114 , 4202.6706
68.30713 , 4166.8935
68.38312 , 4312.7978
68.45911 , 4451.3897
68.5351 , 4507.4207
68.61109 , 4791.8308
68.68708 , 4906.9033
68.76307 , 4990.0467
68.83906 , 5194.8015
68.91505 , 5240.4706
68.99104 , 5516.388
69.06703 , 5583.668
69.14302 , 5274.2075
69.21901 , 5385.8322
69.295 , 5044.1585
69.37099 , 4850.299
69.44698 , 4708.3862
69.52297 , 4535.2706
69.59896 , 4590.2237
69.67495 , 4361.1421
69.75094 , 4376.3809
69.82693 , 4413.3875
69.90292 , 4568.6386
69.97891 , 4598.4939
70.0549 , 4525.3722
70.13089 , 4564.7315
70.20688 , 4600.655
70.28287 , 4523.8898
70.35886 , 4731.8096
70.43485 , 4650.7375
70.51084 , 4909.3457
70.58683 , 4858.612
70.66282 , 4940.8817
70.73881 , 4844.4938
70.8148 , 4859.4151
70.89079 , 4945.3574
70.96678 , 4988.7078
71.04277 , 5135.6279
71.11876 , 5163.1992
71.19475 , 5075.9283
71.27074 , 5180.9483
71.34673 , 5402.5546
71.42272 , 5269.589
71.49871 , 5425.5532
71.5747 , 5586.988
71.65069 , 5474.3724
71.72668 , 5476.4213
71.80267 , 5727.6338
71.87866 , 6036.4325
71.95465 , 5640.0822
72.03064 , 5845.6
72.10663 , 5881.544
72.18262 , 5905.6031
72.25861 , 6010.5025
72.3346 , 6058.8934
72.41059 , 5959.7451
72.48658 , 6134.1825
72.56257 , 6231.8789
72.63856 , 6057.725
72.71455 , 6251.1226
72.79054 , 6226.671
72.86653 , 6377.7903
72.94252 , 6651.9569
73.01851 , 6507.3349
73.0945 , 6571.2774
73.17049 , 6503.803
73.24648 , 6691.8886
73.32247 , 6510.6231
73.39846 , 6817.3389
73.47445 , 6787.6683
73.55044 , 6886.9693
73.62643 , 6914.5876
73.70242 , 7072.9704
73.77841 , 7047.3272
73.8544 , 7110.0314
73.93039 , 7279.4452
74.00638 , 7243.0993
74.08237 , 7104.2213
74.15836 , 7389.944
74.23435 , 7446.2897
74.31034 , 7373.7894
74.38633 , 7308.1988
74.46232 , 7422.5058
74.53831 , 7658.7375
74.6143 , 7634.0593
74.69029 , 7657.3032
74.76628 , 7663.9482
74.84227 , 7864.2172
74.91826 , 7947.3133
74.99425 , 7852.6693
75.07024 , 7940.4936
75.14623 , 7958.4154
75.22222 , 8079.5386
75.29821 , 8041.36
75.3742 , 7983.0439
75.45019 , 8238.2951
75.52618 , 8296.3095
75.60217 , 8343.3158
75.67816 , 8311.1182
75.75415 , 8512.224
75.83014 , 8639.2724
75.90613 , 8620.4911
75.98212 , 8599.5309
76.05811 , 8540.6425
76.1341 , 8577.6987
76.21009 , 8795.6416
76.28608 , 8732.9675
76.36207 , 8721.0202
76.43806 , 8934.7431
76.51405 , 8932.8658
76.59004 , 8926.2286
76.66603 , 9091.5302
76.74202 , 9133.1714
76.81801 , 9331.4119
76.894 , 9152.4439
76.96999 , 9084.3777
77.04598 , 9280.3975
77.12197 , 9194.6775
77.19796 , 9398.7515
77.27395 , 9628.4518
77.34994 , 9709.6804
77.42593 , 9575.2945
77.50192 , 9647.7923
77.57791 , 9517.3944
77.6539 , 9953.7213
77.72989 , 9784.735
77.80588 , 9804.3375
77.88187 , 9716.6613
77.95786 , 9939.2481
78.03385 , 10137.0448
78.10984 , 10055.4544
78.18583 , 9918.1674
78.26182 , 9963.6439
78.33781 , 10052.8454
78.4138 , 9824.6461
78.48979 , 10182.2541
78.56578 , 10210.2448
78.64177 , 10322.979
78.71776 , 10360.3328
78.79375 , 10503.9236
78.86974 , 10344.2605
78.94573 , 10673.7355
79.02172 , 10643.2874
79.09771 , 10644.7823
79.1737 , 10632.5384
79.24969 , 10780.8249
79.32568 , 10742.7076
79.40167 , 10871.6424
79.47766 , 10888.8349
79.55365 , 10973.7498
79.62964 , 10589.1374
79.70563 , 11064.1083
79.78162 , 10958.1032
79.85761 , 11340.624
79.9336 , 11085.9906
80.00959 , 11144.1302
80.08558 , 11262.3424
80.16157 , 11147.4815
80.23756 , 11147.6062
80.31355 , 11244.5188
80.38954 , 11385.5111
80.46553 , 11467.4361
80.54152 , 11336.3158
80.61751 , 11533.091
80.6935 , 11453.582
80.76949 , 11247.7631
80.84548 , 11641.0261
80.92147 , 11637.1859
80.99746 , 11554.1737
81.07345 , 11497.8701
81.14944 , 11927.378
81.22543 , 11535.8469
81.30142 , 11777.1816
81.37741 , 11569.2775
81.4534 , 11657.996
81.52939 , 11924.6908
81.60538 , 11781.7665
81.68137 , 11879.2794
81.75736 , 12001.2323
81.83335 , 11985.0209
81.90934 , 12062.3517
81.98533 , 11818.29
82.06132 , 12154.6236
82.13731 , 12135.3121
82.2133 , 12138.6758
82.28929 , 12081.8607
82.36528 , 12101.4425
82.44127 , 12054.1747
82.51726 , 12443.2138
82.59325 , 12357.0524
82.66924 , 12539.5726
82.74523 , 12472.9994
82.82122 , 12279.5136
82.89721 , 12271.6268
82.9732 , 12394.1264
83.04919 , 12546.7818
83.12518 , 12433.2822
83.20117 , 12319.4082
83.27716 , 12343.0788
83.35315 , 12278.6122
83.42914 , 12218.9335
83.50513 , 12603.2689
83.58112 , 12590.7685
83.65711 , 12465.9657
83.7331 , 12523.6843
83.80909 , 12400.0335
83.88508 , 12685.1677
83.96107 , 12711.4955
84.03706 , 12418.5847
84.11305 , 12645.9699
84.18904 , 12723.2402
84.26503 , 12814.3568
84.34102 , 12609.801
84.41701 , 12675.4754
84.493 , 12809.6454
84.56899 , 12366.3873
84.64498 , 12620.372
84.72097 , 12952.4234
84.79696 , 12855.9887
84.87295 , 12667.988
84.94894 , 12872.5012
85.02493 , 12820.8164
85.10092 , 12747.3334
85.17691 , 12680.6236
85.2529 , 12504.6509
85.32889 , 12548.5322
85.40488 , 12894.5143
85.48087 , 12996.2168
85.55686 , 12698.1036
85.63285 , 12684.9073
85.70884 , 12642.0571
85.78483 , 12592.1414
85.86082 , 12793.5949
85.93681 , 12839.8781
86.0128 , 12763.7601
86.08879 , 12347.645
86.16478 , 12777.609
86.24077 , 12820.5379
86.31676 , 12527.9533
86.39275 , 13024.505
86.46874 , 12696.3149
86.54473 , 12712.8993
86.62072 , 12473.6925
86.69671 , 12679.0578
86.7727 , 12612.5819
86.84869 , 12611.4505
86.92468 , 12548.3105
87.00067 , 12508.0947
87.07666 , 12950.6892
87.15265 , 12539.4051
87.22864 , 12458.155
87.30463 , 12537.0101
87.38062 , 12427.0654
87.45661 , 12531.0361
87.5326 , 12310.0986
87.60859 , 12653.7924
87.68458 , 12353.755
87.76057 , 12287.843
87.83656 , 12374.2738
87.91255 , 12367.5057
87.98854 , 12366.1163
88.06453 , 12065.9843
88.14052 , 12094.8825
88.21651 , 12177.9418
88.2925 , 12679.9912
88.36849 , 12162.0645
88.44448 , 12122.4424
88.52047 , 12128.0106
88.59646 , 12050.1981
88.67245 , 12251.6997
88.74844 , 12142.9692
88.82443 , 11957.6245
88.90042 , 12170.5935
88.97641 , 12039.5595
89.0524 , 11879.0551
89.12839 , 12003.1276
89.20438 , 11906.2341
89.28037 , 11697.485
89.35636 , 12067.2846
89.43235 , 11786.7262
89.50834 , 11773.6503
89.58433 , 11626.3607
89.66032 , 11835.7406
89.73631 , 11771.0961
89.8123 , 11828.0226
89.88829 , 11774.307
89.96428 , 11628.0718
90.04027 , 11495.9787
90.11626 , 11803.9954
90.19225 , 11689.8382
90.26824 , 11307.8668
90.34423 , 11458.7496
90.42022 , 11267.304
90.49621 , 11407.3453
90.5722 , 11499.2026
90.64819 , 11357.5352
90.72418 , 11591.8962
90.80017 , 11099.31
90.87616 , 11069.1951
90.95215 , 11313.5167
91.02814 , 11140.5112
91.10413 , 11087.6899
91.18012 , 11125.3444
91.25611 , 10913.5617
91.3321 , 11155.5276
91.40809 , 11081.5882
91.48408 , 10889.7616
91.56007 , 10703.1146
91.63606 , 10868.0766
91.71205 , 10713.2912
91.78804 , 10565.7166
91.86403 , 10666.1887
91.94002 , 10757.3674
92.01601 , 10806.6356
92.092 , 10257.2972
92.16799 , 10229.1449
92.24398 , 10175.8986
92.31997 , 10004.9585
92.39596 , 10130.7133
92.47195 , 10098.3651
92.54794 , 9833.7259
92.62393 , 9934.5767
92.69992 , 10058.9927
92.77591 , 9960.2993
92.8519 , 9692.0458
92.92789 , 9532.1604
93.00388 , 9428.4146
93.07987 , 9472.8939
93.15586 , 9431.4023
93.23185 , 9278.104
93.30784 , 9442.2556
93.38383 , 9251.2056
93.45982 , 9128.4882
93.53581 , 8926.6017
93.6118 , 8915.5578
93.68779 , 8639.68
93.76378 , 8877.5444
93.83977 , 8826.7485
93.91576 , 8694.4403
93.99175 , 8571.6918
94.06774 , 8488.3863
94.14373 , 8299.208
94.21972 , 8538.6147
94.29571 , 8143.0905
94.3717 , 8457.0215
94.44769 , 8014.1395
94.52368 , 7690.4285
94.59967 , 8105.5798
94.67566 , 7895.8199
94.75165 , 7784.2437
94.82764 , 7767.2396
94.90363 , 7729.9665
94.97962 , 7565.0167
95.05561 , 7304.279
95.1316 , 7243.8308
95.20759 , 7280.8264
95.28358 , 6985.9448
95.35957 , 6918.6472
95.43556 , 6953.2866
95.51155 , 6697.5416
95.58754 , 6553.723
95.66353 , 6434.1019
95.73952 , 6704.5237
95.81551 , 5895.4288
95.8915 , 6421.3905
95.96749 , 6069.7173
96.04348 , 5880.2863
96.11947 , 5588.8657
96.19546 , 5704.9652
96.27145 , 5534.9072
96.34744 , 5430.8769
96.42343 , 5205.7624
96.49942 , 5019.598
96.57541 , 5002.048
96.6514 , 5013.7287
96.72739 , 4568.7763
96.80338 , 4716.208
96.87937 , 4420.7481
96.95536 , 4164.3787
97.03135 , 4295.0107
97.10734 , 3961.6983
97.18333 , 4026.8936
97.25932 , 3774.7272
97.33531 , 3801.6713
97.4113 , 3416.7356
97.48729 , 3377.2864
97.56328 , 3073.5961
97.63927 , 3103.8987
97.71526 , 3001.8292
97.79125 , 2696.1641
97.86724 , 2736.7418
97.94323 , 2320.2608
98.01922 , 2336.7361
98.09521 , 2191.7824
98.1712 , 2018.3481
98.24719 , 1872.4529
98.32318 , 1771.5293
98.39917 , 1529.4766
98.47516 , 1568.7406
98.55115 , 1345.1765
98.62714 , 1223.2121
98.70313 , 1057.268
98.77912 , 962.855
98.85511 , 811.2902
98.9311 , 687.7222
99.00709 , 557.1848
99.08308 , 391.0828
99.15907 , 358.6911
99.23506 , 257.872
99.31105 , 198.6769
99.38704 , 139.2942
99.46303 , 95.2247
99.53902 , 42.1429
99.61501 , 42.21
99.691 , 11.1256
99.76699 , 4.4573
99.84298 , 4.4645
99.91897 , 4.4716
99.99496 , 2.2394
100.07095 , 2.242
100.14694 , 4.489
100.22293 , 0.0
100.29892 , 0.0
100.37491 , 0.0
100.4509 , 2.2546
100.52689 , 0.0
100.60288 , 4.5193
100.67887 , 0.0
100.75486 , 0.0
100.83085 , 2.2673
100.90684 , 4.5398
100.98283 , 0.0
101.05882 , 0.0
101.13481 , 0.0
101.2108 , 2.2802
101.28679 , 2.2828
101.36278 , 0.0
101.43877 , 0.0
101.51476 , 0.0
101.59075 , 2.2932
101.66674 , 0.0
101.74273 , 0.0
101.81872 , 0.0
101.89471 , 0.0
101.9707 , 0.0
102.04669 , 0
102.12268 , 0
102.19867 , 0
102.27466 , 0
102.35065 , 0
102.42664 , 0
102.50263 , 0
102.57862 , 0
102.65461 , 0
102.7306 , 0
102.80659 , 0
102.88258 , 0
102.95857 , 0
103.03456 , 0
103.11055 , 0
103.18654 , 0
103.26253 , 0
103.33852 , 0
103.41451 , 0
103.4905 , 0
103.56649 , 0
103.64248 , 0
103.71847 , 0
103.79446 , 0
103.87045 , 0
103.94644 , 0
104.02243 , 0
104.09842 , 0
104.17441 , 0
104.2504 , 0
104.32639 , 0
104.40238 , 0
104.47837 , 0
104.55436 , 0
104.63035 , 0
104.70634 , 0
104.78233 , 0
104.85832 , 0
104.93431 , 0
105.0103 , 0
105.08629 , 0
105.16228 , 0
105.23827 , 0
105.31426 , 0
105.39025 , 0
105.46624 , 0
105.54223 , 0
105.61822 , 0
105.69421 , 0
105.7702 , 0
105.84619 , 0
105.92218 , 0
105.99817 , 0
106.07416 , 0
106.15015 , 0
106.22614 , 0
106.30213 , 0
106.37812 , 0
106.45411 , 0
106.5301 , 0
106.60609 , 0
106.68208 , 0
106.75807 , 0
106.83406 , 0
106.91005 , 0
106.98604 , 0
107.06203 , 0
107.13802 , 0
107.21401 , 0
107.29 , 0
107.36599 , 0
107.44198 , 0
107.51797 , 0
107.59396 , 0
107.66995 , 0
107.74594 , 0
107.82193 , 0
107.89792 , 0
107.97391 , 0
108.0499 , 0
108.12589 , 0
108.20188 , 0
108.27787 , 0
108.35386 , 0
108.42985 , 0
108.50584 , 0
108.58183 , 0
108.65782 , 0
108.73381 , 0
108.8098 , 0
108.88579 , 0
108.96178 , 0
109.03777 , 0
109.11376 , 0
109.18975 , 0
109.26574 , 0
109.34173 , 0
109.41772 , 0
109.49371 , 0
109.5697 , 0
109.64569 , 0
109.72168 , 0
109.79767 , 0
109.87366 , 0
109.94965 , 0
110.02564 , 0
110.10163 , 0
110.17762 , 0
110.25361 , 0
110.3296 , 0
110.40559 , 0
110.48158 , 0
110.55757 , 0
110.63356 , 0
110.70955 , 0
110.78554 , 0
110.86153 , 0
110.93752 , 0
111.01351 , 0
111.0895 , 0
111.16549 , 0
111.24148 , 0
111.31747 , 0
111.39346 , 0
111.46945 , 0
111.54544 , 0
111.62143 , 0
111.69742 , 0
111.77341 , 0
111.8494 , 0
111.92539 , 0
112.00138 , 0
112.07737 , 0
112.15336 , 0
112.22935 , 0
112.30534 , 0
112.38133 , 0
112.45732 , 0
112.53331 , 0
112.6093 , 0
112.68529 , 0
112.76128 , 0
112.83727 , 0
112.91326 , 0
112.98925 , 0
113.06524 , 0
113.14123 , 0
113.21722 , 0
113.29321 , 0
113.3692 , 0
113.44519 , 0
113.52118 , 0
113.59717 , 0
113.67316 , 0
113.74915 , 0
113.82514 , 0
113.90113 , 0
113.97712 , 0
114.05311 , 0
114.1291 , 0
114.20509 , 0
114.28108 , 0
114.35707 , 0
114.43306 , 0
114.50905 , 0
114.58504 , 0
114.66103 , 0
114.73702 , 0
114.81301 , 0
114.889 , 0
114.96499 , 0
115.04098 , 0
115.11697 , 0
115.19296 , 0
115.26895 , 0
115.34494 , 0
115.42093 , 0
115.49692 , 0
115.57291 , 0
115.6489 , 0
115.72489 , 0
115.80088 , 0
115.87687 , 0
115.95286 , 0
116.02885 , 0
116.10484 , 0
116.18083 , 0
116.25682 , 0
116.33281 , 0
116.4088 , 0
116.48479 , 0
116.56078 , 0
116.63677 , 0
116.71276 , 0
116.78875 , 0
116.86474 , 0
116.94073 , 0
117.01672 , 0
117.09271 , 0
117.1687 , 0
117.24469 , 0
117.32068 , 0
117.39667 , 0
117.47266 , 0
117.54865 , 0
117.62464 , 0
117.70063 , 0
117.77662 , 0
117.85261 , 0
117.9286 , 0
118.00459 , 0
118.08058 , 0
118.15657 , 0
118.23256 , 0
118.30855 , 0
118.38454 , 0
118.46053 , 0
118.53652 , 0
118.61251 , 0
118.6885 , 0
118.76449 , 0
118.84048 , 0
118.91647 , 0
118.99246 , 0
119.06845 , 0
119.14444 , 0
119.22043 , 0
119.29642 , 0
119.37241 , 0
119.4484 , 0
119.52439 , 0
119.60038 , 0
119.67637 , 0
119.75236 , 0
119.82835 , 0
119.90434 , 0
119.98033 , 0
120.05632 , 0
120.13231 , 0
120.2083 , 0
120.28429 , 0
120.36028 , 0
120.43627 , 0
120.51226 , 0
120.58825 , 0
120.66424 , 0
120.74023 , 0
120.81622 , 0
120.89221 , 0
120.9682 , 0
121.04419 , 0
121.12018 , 0
121.19617 , 0
121.27216 , 0
121.34815 , 0
121.42414 , 0
121.50013 , 0
121.57612 , 0
121.65211 , 0
121.7281 , 0
121.80409 , 0
121.88008 , 0
121.95607 , 0
122.03206 , 0
122.10805 , 0
122.18404 , 0
122.26003 , 0
122.33602 , 0
122.41201 , 0
122.488 , 0
122.56399 , 0
122.63998 , 0
122.71597 , 0
122.79196 , 0
122.86795 , 0
122.94394 , 0
123.01993 , 0
123.09592 , 0
123.17191 , 0
123.2479 , 0
123.32389 , 0
123.39988 , 0
123.47587 , 0
123.55186 , 0
123.62785 , 0
123.70384 , 0
123.77983 , 0
123.85582 , 0
123.93181 , 0
124.0078 , 0
124.08379 , 0
124.15978 , 0
124.23577 , 0
124.31176 , 0
124.38775 , 0
124.46374 , 0
124.53973 , 0
124.61572 , 0
124.69171 , 0
124.7677 , 0
124.84369 , 0
124.91968 , 0
124.99567 , 0
125.07166 , 0
125.14765 , 0
125.22364 , 0
125.29963 , 0
125.37562 , 0
125.45161 , 0
125.5276 , 0
125.60359 , 0
125.67958 , 0
125.75557 , 0
125.83156 , 0
125.90755 , 0
125.98354 , 0
126.05953 , 0
126.13552 , 0
126.21151 , 0
126.2875 , 0
126.36349 , 0
126.43948 , 0
126.51547 , 0
126.59146 , 0
126.66745 , 0
126.74344 , 0
126.81943 , 0
126.89542 , 0
126.97141 , 0
127.0474 , 0
127.12339 , 0
127.19938 , 0
127.27537 , 0
127.35136 , 0
127.42735 , 0
127.50334 , 0
127.57933 , 0
127.65532 , 0
127.73131 , 0
127.8073 , 0
127.88329 , 0
127.95928 , 0
128.03527 , 0
128.11126 , 0
128.18725 , 0
128.26324 , 0
128.33923 , 0
128.41522 , 0
128.49121 , 0
128.5672 , 0
128.64319 , 0
128.71918 , 0
128.79517 , 0
128.87116 , 0
128.94715 , 0
129.02314 , 0
129.09913 , 0
129.17512 , 0
129.25111 , 0
129.3271 , 0
129.40309 , 0
129.47908 , 0
129.55507 , 0
129.63106 , 0
129.70705 , 0
129.78304 , 0
129.85903 , 0
129.93502 , 0
130.01101 , 0
130.087 , 0
130.16299 , 0
130.23898 , 0
130.31497 , 0
130.39096 , 0
130.46695 , 0
130.54294 , 0
130.61893 , 0
130.69492 , 0
130.77091 , 0
130.8469 , 0
130.92289 , 0
130.99888 , 0
131.07487 , 0
131.15086 , 0
131.22685 , 0
131.30284 , 0
131.37883 , 0
131.45482 , 0
131.53081 , 0
131.6068 , 0
131.68279 , 0
131.75878 , 0
131.83477 , 0
131.91076 , 0
131.98675 , 0
132.06274 , 0
132.13873 , 0
132.21472 , 0
132.29071 , 0
132.3667 , 0
132.44269 , 0
132.51868 , 0
132.59467 , 0
132.67066 , 0
132.74665 , 0
132.82264 , 0
132.89863 , 0
132.97462 , 0
133.05061 , 0
133.1266 , 0
133.20259 , 0
133.27858 , 0
133.35457 , 0
133.43056 , 0
133.50655 , 0
133.58254 , 0
133.65853 , 0
133.73452 , 0
133.81051 , 0
133.8865 , 0
133.96249 , 0
134.03848 , 0
134.11447 , 0
134.19046 , 0
134.26645 , 0
134.34244 , 0
134.41843 , 0
134.49442 , 0
134.57041 , 0
134.6464 , 0
134.72239 , 0
134.79838 , 0
134.87437 , 0
134.95036 , 0
135.02635 , 0
135.10234 , 0
135.17833 , 0
135.25432 , 0
135.33031 , 0
135.4063 , 0
135.48229 , 0
135.55828 , 0
135.63427 , 0
135.71026 , 0
135.78625 , 0
135.86224 , 0
135.93823 , 0
136.01422 , 0
136.09021 , 0
136.1662 , 0
136.24219 , 0
136.31818 , 0
136.39417 , 0
136.47016 , 0
136.54615 , 0
136.62214 , 0
136.69813 , 0
136.77412 , 0
136.85011 , 0
136.9261 , 0
137.00209 , 0
137.07808 , 0
137.15407 , 0
137.23006 , 0
137.30605 , 0
137.38204 , 0
137.45803 , 0
137.53402 , 0
137.61001 , 0
137.686 , 0
137.76199 , 0
137.83798 , 0
137.91397 , 0
137.98996 , 0
138.06595 , 0
138.14194 , 0
138.21793 , 0
138.29392 , 0
138.36991 , 0
138.4459 , 0
138.52189 , 0
138.59788 , 0
138.67387 , 0
138.74986 , 0
138.82585 , 0
138.90184 , 0
138.97783 , 0
139.05382 , 0
139.12981 , 0
139.2058 , 0
139.28179 , 0
139.35778 , 0
139.43377 , 0
139.50976 , 0
139.58575 , 0
139.66174 , 0
139.73773 , 0
139.81372 , 0
139.88971 , 0
139.9657 , 0
140.04169 , 0
140.11768 , 0
140.19367 , 0
140.26966 , 0
140.34565 , 0
140.42164 , 0
140.49763 , 0
140.57362 , 0
140.64961 , 0
140.7256 , 0
140.80159 , 0
140.87758 , 0
140.95357 , 0
141.02956 , 0
141.10555 , 0
141.18154 , 0
141.25753 , 0
141.33352 , 0
141.40951 , 0
141.4855 , 0
141.56149 , 0
141.63748 , 0
141.71347 , 0
141.78946 , 0
141.86545 , 0
141.94144 , 0
142.01743 , 0
142.09342 , 0
142.16941 , 0
142.2454 , 0
142.32139 , 0
142.39738 , 0
142.47337 , 0
142.54936 , 0
142.62535 , 0
142.70134 , 0
142.77733 , 0
142.85332 , 0
142.92931 , 0
143.0053 , 0
143.08129 , 0
143.15728 , 0
143.23327 , 0
143.30926 , 0
143.38525 , 0
143.46124 , 0
143.53723 , 0
143.61322 , 0
143.68921 , 0
143.7652 , 0
143.84119 , 0
143.91718 , 0
143.99317 , 0
144.06916 , 0
144.14515 , 0
144.22114 , 0
144.29713 , 0
144.37312 , 0
144.44911 , 0
144.5251 , 0
144.60109 , 0
144.67708 , 0
144.75307 , 0
144.82906 , 0
144.90505 , 0
144.98104 , 0
145.05703 , 0
145.13302 , 0
145.20901 , 0
145.285 , 0
145.36099 , 0
145.43698 , 0
145.51297 , 0
145.58896 , 0
145.66495 , 0
145.74094 , 0
145.81693 , 0
145.89292 , 0
145.96891 , 0
146.0449 , 0
146.12089 , 0
146.19688 , 0
146.27287 , 0
146.34886 , 0
146.42485 , 0
146.50084 , 0
146.57683 , 0
146.65282 , 0
146.72881 , 0
146.8048 , 0
146.88079 , 0
146.95678 , 0
147.03277 , 0
147.10876 , 0
147.18475 , 0
147.26074 , 0
147.33673 , 0
147.41272 , 0
147.48871 , 0
147.5647 , 0
147.64069 , 0
147.71668 , 0
147.79267 , 0
147.86866 , 0
147.94465 , 0
148.02064 , 0
148.09663 , 0
148.17262 , 0
148.24861 , 0
148.3246 , 0
148.40059 , 0
148.47658 , 0
148.55257 , 0
148.62856 , 0
148.70455 , 0
148.78054 , 0
148.85653 , 0
148.93252 , 0
149.00851 , 0
149.0845 , 0
149.16049 , 0
149.23648 , 0
149.31247 , 0
149.38846 , 0
149.46445 , 0
149.54044 , 0
149.61643 , 0
149.69242 , 0
149.76841 , 0
149.8444 , 0
149.92039 , 0
149.99638 , 0
150.07237 , 0
150.14836 , 0
150.22435 , 0
150.30034 , 0
150.37633 , 0
150.45232 , 0
150.52831 , 0
150.6043 , 0
150.68029 , 0
150.75628 , 0
150.83227 , 0
150.90826 , 0
150.98425 , 0
151.06024 , 0
151.13623 , 0
151.21222 , 0
151.28821 , 0
151.3642 , 0
151.44019 , 0
151.51618 , 0
151.59217 , 0
151.66816 , 0
151.74415 , 0
151.82014 , 0
151.89613 , 0
151.97212 , 0
152.04811 , 0
152.1241 , 0
152.20009 , 0
152.27608 , 0
152.35207 , 0
152.42806 , 0
152.50405 , 0
152.58004 , 0
152.65603 , 0
152.73202 , 0
152.80801 , 0
152.884 , 0
152.95999 , 0
153.03598 , 0
153.11197 , 0
153.18796 , 0
153.26395 , 0
153.33994 , 0
153.41593 , 0
153.49192 , 0
153.56791 , 0
153.6439 , 0
153.71989 , 0
153.79588 , 0
153.87187 , 0
153.94786 , 0
154.02385 , 0
154.09984 , 0
154.17583 , 0
154.25182 , 0
154.32781 , 0
154.4038 , 0
154.47979 , 0
154.55578 , 0
154.63177 , 0
154.70776 , 0
154.78375 , 0
154.85974 , 0
154.93573 , 0
155.01172 , 0
155.08771 , 0
155.1637 , 0
155.23969 , 0
155.31568 , 0
155.39167 , 0
155.46766 , 0
