#Data obtained from NIST database. 1 colum is energy in keV, 2 colum is the coeficient data.
   1.0000000e+00   6.3592784e-07
   1.5000000e+00   2.8240656e-06
   2.0000000e+00   8.1310096e-06
   2.5000000e+00   1.8318943e-05
   3.0000000e+00   3.4998373e-05
   3.5000000e+00   6.0407674e-05
   4.0000000e+00   3.9640387e-05
   4.5000000e+00   3.7188446e-05
   5.0000000e+00   4.1765968e-05
   5.5000000e+00   5.7678300e-05
   6.0000000e+00   7.7279607e-05
   6.5000000e+00   1.0167950e-04
   7.0000000e+00   1.3086070e-04
   7.5000000e+00   1.6534418e-04
   8.0000000e+00   2.0549759e-04
   8.5000000e+00   2.5240339e-04
   9.0000000e+00   3.0603070e-04
   9.5000000e+00   3.6679317e-04
   1.0000000e+01   4.3497466e-04
   1.0500000e+01   5.1238646e-04
   1.1000000e+01   5.9878277e-04
   1.1500000e+01   6.9377637e-04
   1.2000000e+01   7.9827362e-04
   1.2500000e+01   9.1253298e-04
   1.3000000e+01   1.0369285e-03
   1.3500000e+01   1.1716648e-03
   1.4000000e+01   1.3173128e-03
   1.4500000e+01   1.4738081e-03
   1.5000000e+01   1.6419674e-03
   1.5500000e+01   1.8239850e-03
   1.6000000e+01   2.0189258e-03
   1.6500000e+01   2.2265147e-03
   1.7000000e+01   2.4474239e-03
   1.7500000e+01   2.6811072e-03
   1.8000000e+01   2.9293488e-03
   1.8500000e+01   3.1910679e-03
   1.9000000e+01   3.4674715e-03
   1.9500000e+01   3.7568415e-03
   2.0000000e+01   4.0633820e-03
   2.0500000e+01   4.3879157e-03
   2.1000000e+01   4.7287268e-03
   2.1500000e+01   5.0857897e-03
   2.2000000e+01   5.4580448e-03
   2.2500000e+01   5.8457451e-03
   2.3000000e+01   6.2518582e-03
   2.3500000e+01   6.6758501e-03
   2.4000000e+01   7.1126516e-03
   2.4500000e+01   7.5691730e-03
   2.5000000e+01   8.0378567e-03
   2.5500000e+01   8.5263820e-03
   2.6000000e+01   9.0258543e-03
   2.6500000e+01   9.5470477e-03
   2.7000000e+01   3.3853939e-03
   2.7500000e+01   3.5688624e-03
   2.8000000e+01   3.7568045e-03
   2.8500000e+01   3.9518186e-03
   2.9000000e+01   4.1545420e-03
   2.9500000e+01   4.3610965e-03
   3.0000000e+01   4.5755718e-03
   3.0500000e+01   4.7966686e-03
   3.1000000e+01   5.0223132e-03
   3.1500000e+01   5.2571996e-03
   3.2000000e+01   2.9488669e-03
   3.2500000e+01   3.0813425e-03
   3.3000000e+01   3.2169810e-03
   3.3500000e+01   3.3540369e-03
   3.4000000e+01   3.4974527e-03
   3.4500000e+01   3.6424530e-03
   3.5000000e+01   3.7957519e-03
   3.5500000e+01   3.9483638e-03
   3.6000000e+01   4.1062928e-03
   3.6500000e+01   4.2676352e-03
   3.7000000e+01   4.4336260e-03
   3.7500000e+01   4.6039113e-03
   3.8000000e+01   4.7802017e-03
   3.8500000e+01   4.9553960e-03
   3.9000000e+01   5.1380498e-03
   3.9500000e+01   5.3281746e-03
   4.0000000e+01   5.5179215e-03
   4.0500000e+01   5.7170386e-03
   4.1000000e+01   5.9144380e-03
   4.1500000e+01   6.1181181e-03
   4.2000000e+01   6.3279818e-03
   4.2500000e+01   6.5399004e-03
   4.3000000e+01   6.7570974e-03
   4.3500000e+01   6.9792281e-03
   4.4000000e+01   7.2106523e-03
   4.4500000e+01   7.4415665e-03
   4.5000000e+01   7.6812587e-03
   4.5500000e+01   7.9169634e-03
   4.6000000e+01   8.1622274e-03
   4.6500000e+01   8.4154962e-03
   4.7000000e+01   8.6620843e-03
   4.7500000e+01   8.9309235e-03
   4.8000000e+01   9.1841878e-03
   4.8500000e+01   9.4599726e-03
   4.9000000e+01   9.7253666e-03
   4.9500000e+01   9.9961031e-03
   5.0000000e+01   1.0271827e-02
   5.0500000e+01   1.0561701e-02
   5.1000000e+01   1.0846317e-02
   5.1500000e+01   1.1139931e-02
   5.2000000e+01   1.1432358e-02
   5.2500000e+01   1.1729474e-02
   5.3000000e+01   1.2030831e-02
   5.3500000e+01   1.2335919e-02
   5.4000000e+01   1.2644162e-02
   5.4500000e+01   1.2956368e-02
   5.5000000e+01   1.3270508e-02
   5.5500000e+01   1.3588972e-02
   5.6000000e+01   1.3898828e-02
   5.6500000e+01   1.4224309e-02
   5.7000000e+01   1.4550872e-02
   5.7500000e+01   1.4868088e-02
   5.8000000e+01   1.5201945e-02
   5.8500000e+01   1.5536909e-02
   5.9000000e+01   1.5860120e-02
   5.9500000e+01   1.6201319e-02
   6.0000000e+01   1.6529191e-02
   6.0500000e+01   1.6872405e-02
   6.1000000e+01   1.7202799e-02
   6.1500000e+01   1.7550386e-02
   6.2000000e+01   1.7883593e-02
   6.2500000e+01   1.8217277e-02
   6.3000000e+01   1.8567452e-02
   6.3500000e+01   1.8903487e-02
   6.4000000e+01   1.9238391e-02
   6.4500000e+01   1.9591988e-02
   6.5000000e+01   1.9929212e-02
   6.5500000e+01   2.0266805e-02
   6.6000000e+01   2.0601054e-02
   6.6500000e+01   2.0956588e-02
   6.7000000e+01   2.1292687e-02
   6.7500000e+01   2.1627216e-02
   6.8000000e+01   2.1963262e-02
   6.8500000e+01   2.2296839e-02
   6.9000000e+01   2.2631186e-02
   6.9500000e+01   2.2966002e-02
   7.0000000e+01   2.3296983e-02
   7.0500000e+01   2.3627603e-02
   7.1000000e+01   2.3957524e-02
   7.1500000e+01   2.4282132e-02
   7.2000000e+01   2.4609500e-02
   7.2500000e+01   2.4935086e-02
   7.3000000e+01   2.5258513e-02
   7.3500000e+01   2.5579394e-02
   7.4000000e+01   2.5902058e-02
   7.4500000e+01   2.6216750e-02
   7.5000000e+01   2.6537505e-02
   7.5500000e+01   2.6849467e-02
   7.6000000e+01   2.7162121e-02
   7.6500000e+01   2.7470138e-02
   7.7000000e+01   2.7753600e-02
   7.7500000e+01   2.8061590e-02
   7.8000000e+01   2.8364015e-02
   7.8500000e+01   2.8665970e-02
   7.9000000e+01   2.8967284e-02
   7.9500000e+01   2.9235964e-02
   8.0000000e+01   2.9529311e-02
   8.0500000e+01   2.9821303e-02
   8.1000000e+01   3.0111756e-02
   8.1500000e+01   3.0367286e-02
   8.2000000e+01   3.0653753e-02
   8.2500000e+01   3.0938115e-02
   8.3000000e+01   3.1185973e-02
   8.3500000e+01   3.1465208e-02
   8.4000000e+01   3.1735283e-02
   8.4500000e+01   3.1980232e-02
   8.5000000e+01   3.2243856e-02
   8.5500000e+01   3.2510752e-02
   8.6000000e+01   3.2744831e-02
   8.6500000e+01   3.3004344e-02
   8.7000000e+01   3.3237128e-02
   8.7500000e+01   3.3488555e-02
   8.8000000e+01   3.3742819e-02
   8.8500000e+01   3.3962290e-02
   8.9000000e+01   3.4207522e-02
   8.9500000e+01   3.4424453e-02
   9.0000000e+01   3.4659953e-02
   9.0500000e+01   3.4897837e-02
   9.1000000e+01   3.5106562e-02
   9.1500000e+01   3.5341465e-02
   9.2000000e+01   3.5539006e-02
   9.2500000e+01   3.5770519e-02
   9.3000000e+01   3.5964020e-02
   9.3500000e+01   3.6183918e-02
   9.4000000e+01   3.6372988e-02
   9.4500000e+01   3.6588621e-02
   9.5000000e+01   3.6772933e-02
   9.5500000e+01   3.6983970e-02
   9.6000000e+01   3.7163200e-02
   9.6500000e+01   3.7369311e-02
   9.7000000e+01   3.7543137e-02
   9.7500000e+01   3.7743994e-02
   9.8000000e+01   3.7912099e-02
   9.8500000e+01   3.8107377e-02
   9.9000000e+01   3.8269447e-02
   9.9500000e+01   3.8467469e-02
   1.0000000e+02   3.8623248e-02
   1.0050000e+02   3.8771295e-02
   1.0100000e+02   3.8964418e-02
   1.0150000e+02   3.9114527e-02
   1.0200000e+02   3.9292343e-02
   1.0250000e+02   3.9435469e-02
   1.0300000e+02   3.9615452e-02
   1.0350000e+02   3.9751355e-02
   1.0400000e+02   3.9888013e-02
   1.0450000e+02   4.0061918e-02
   1.0500000e+02   4.0191032e-02
   1.0550000e+02   4.0357611e-02
   1.0600000e+02   4.0488233e-02
   1.0650000e+02   4.0610167e-02
   1.0700000e+02   4.0769930e-02
   1.0750000e+02   4.0893209e-02
   1.0800000e+02   4.1054620e-02
   1.0850000e+02   4.1169697e-02
   1.0900000e+02   4.1285299e-02
   1.0950000e+02   4.1439379e-02
   1.1000000e+02   4.1546488e-02
   1.1050000e+02   4.1692264e-02
   1.1100000e+02   4.1800416e-02
   1.1150000e+02   4.1899206e-02
   1.1200000e+02   4.2046848e-02
   1.1250000e+02   4.2146571e-02
   1.1300000e+02   4.2246683e-02
   1.1350000e+02   4.2386179e-02
   1.1400000e+02   4.2477178e-02
   1.1450000e+02   4.2607733e-02
   1.1500000e+02   4.2699499e-02
   1.1550000e+02   4.2791590e-02
   1.1600000e+02   4.2923606e-02
   1.1650000e+02   4.3006263e-02
   1.1700000e+02   4.3089184e-02
   1.1750000e+02   4.3212307e-02
   1.1800000e+02   4.3295871e-02
   1.1850000e+02   4.3379702e-02
   1.1900000e+02   4.3493698e-02
   1.1950000e+02   4.3567735e-02
   1.2000000e+02   4.3641982e-02
   1.2050000e+02   4.3757028e-02
   1.2100000e+02   4.3831800e-02
   1.2150000e+02   4.3896249e-02
   1.2200000e+02   4.4012319e-02
   1.2250000e+02   4.4078266e-02
   1.2300000e+02   4.4144376e-02
   1.2350000e+02   4.4249721e-02
   1.2400000e+02   4.4313049e-02
   1.2450000e+02   4.4374384e-02
   1.2500000e+02   4.4476275e-02
   1.2550000e+02   4.4534754e-02
   1.2600000e+02   4.4592280e-02
   1.2650000e+02   4.4690613e-02
   1.2700000e+02   4.4745220e-02
   1.2750000e+02   4.4798848e-02
   1.2800000e+02   4.4893527e-02
   1.2850000e+02   4.4944176e-02
   1.2900000e+02   4.4994917e-02
   1.2950000e+02   4.5085852e-02
   1.3000000e+02   4.5132464e-02
   1.3050000e+02   4.5179152e-02
   1.3100000e+02   4.5266253e-02
   1.3150000e+02   4.5310962e-02
   1.3200000e+02   4.5353524e-02
   1.3250000e+02   4.5437822e-02
   1.3300000e+02   4.5478361e-02
   1.3350000e+02   4.5517839e-02
   1.3400000e+02   4.5556253e-02
   1.3450000e+02   4.5636690e-02
   1.3500000e+02   4.5673034e-02
   1.3550000e+02   4.5708296e-02
   1.3600000e+02   4.5785790e-02
   1.3650000e+02   4.5818949e-02
   1.3700000e+02   4.5851011e-02
   1.3750000e+02   4.5925505e-02
   1.3800000e+02   4.5955432e-02
   1.3850000e+02   4.5984249e-02
   1.3900000e+02   4.6056825e-02
   1.3950000e+02   4.6083477e-02
   1.4000000e+02   4.6110144e-02
   1.4050000e+02   4.6179625e-02
   1.4100000e+02   4.6204103e-02
   1.4150000e+02   4.6228591e-02
   1.4200000e+02   4.6294932e-02
   1.4250000e+02   4.6317209e-02
   1.4300000e+02   4.6338343e-02
   1.4350000e+02   4.6359478e-02
   1.4400000e+02   4.6422698e-02
   1.4450000e+02   4.6441595e-02
   1.4500000e+02   4.6459336e-02
   1.4550000e+02   4.6521634e-02
   1.4600000e+02   4.6537114e-02
   1.4650000e+02   4.6552585e-02
   1.4700000e+02   4.6612782e-02
   1.4750000e+02   4.6627134e-02
   1.4800000e+02   4.6640314e-02
   1.4850000e+02   4.6697222e-02
   1.4900000e+02   4.6709270e-02
   1.4950000e+02   4.6720139e-02
   1.5000000e+02   4.6776055e-02
   1.5050000e+02   4.6785779e-02
   1.5100000e+02   4.6794318e-02
   1.5150000e+02   4.6802837e-02
   1.5200000e+02   4.6856610e-02
   1.5250000e+02   4.6862801e-02
   1.5300000e+02   4.6870142e-02
   1.5350000e+02   4.6920540e-02
   1.5400000e+02   4.6925541e-02
   1.5450000e+02   4.6930519e-02
   1.5500000e+02   4.6979866e-02
   1.5550000e+02   4.6983668e-02
   1.5600000e+02   4.6986269e-02
   1.5650000e+02   4.7033374e-02
   1.5700000e+02   4.7035969e-02
   1.5750000e+02   4.7036179e-02
   1.5800000e+02   4.7082205e-02
   1.5850000e+02   4.7082404e-02
   1.5900000e+02   4.7081392e-02
   1.5950000e+02   4.7126329e-02
   1.6000000e+02   4.7125303e-02
   1.6050000e+02   4.7123063e-02
   1.6100000e+02   4.7165715e-02
   1.6150000e+02   4.7162272e-02
   1.6200000e+02   4.7158799e-02
   1.6250000e+02   4.7154108e-02
   1.6300000e+02   4.7195656e-02
   1.6350000e+02   4.7189754e-02
   1.6400000e+02   4.7185009e-02
   1.6450000e+02   4.7224244e-02
   1.6500000e+02   4.7217096e-02
   1.6550000e+02   4.7209915e-02
   1.6600000e+02   4.7249207e-02
   1.6650000e+02   4.7240808e-02
   1.6700000e+02   4.7232375e-02
   1.6750000e+02   4.7269334e-02
   1.6800000e+02   4.7260873e-02
   1.6850000e+02   4.7249992e-02
   1.6900000e+02   4.7286996e-02
   1.6950000e+02   4.7276083e-02
   1.7000000e+02   4.7265135e-02
   1.7050000e+02   4.7299791e-02
   1.7100000e+02   4.7287615e-02
   1.7150000e+02   4.7275406e-02
   1.7200000e+02   4.7310096e-02
   1.7250000e+02   4.7296656e-02
   1.7300000e+02   4.7283181e-02
   1.7350000e+02   4.7315508e-02
   1.7400000e+02   4.7301998e-02
   1.7450000e+02   4.7287256e-02
   1.7500000e+02   4.7318411e-02
   1.7550000e+02   4.7303633e-02
   1.7600000e+02   4.7287621e-02
   1.7650000e+02   4.7318799e-02
   1.7700000e+02   4.7301550e-02
   1.7750000e+02   4.7285466e-02
   1.7800000e+02   4.7306001e-02
   1.7850000e+02   4.7302878e-02
   1.7900000e+02   4.7303274e-02
   1.7950000e+02   4.7298920e-02
   1.8000000e+02   4.7300493e-02
   1.8050000e+02   4.7294908e-02
   1.8100000e+02   4.7290506e-02
   1.8150000e+02   4.7289639e-02
   1.8200000e+02   4.7284005e-02
   1.8250000e+02   4.7283112e-02
   1.8300000e+02   4.7277447e-02
   1.8350000e+02   4.7275325e-02
   1.8400000e+02   4.7268427e-02
   1.8450000e+02   4.7266279e-02
   1.8500000e+02   4.7259348e-02
   1.8550000e+02   4.7255971e-02
   1.8600000e+02   4.7249009e-02
   1.8650000e+02   4.7245604e-02
   1.8700000e+02   4.7242188e-02
   1.8750000e+02   4.7232772e-02
   1.8800000e+02   4.7229328e-02
   1.8850000e+02   4.7219880e-02
   1.8900000e+02   4.7215205e-02
   1.8950000e+02   4.7205725e-02
   1.9000000e+02   4.7201022e-02
   1.9050000e+02   4.7195103e-02
   1.9100000e+02   4.7184371e-02
   1.9150000e+02   4.7179628e-02
   1.9200000e+02   4.7167659e-02
   1.9250000e+02   4.7161684e-02
   1.9300000e+02   4.7155696e-02
   1.9350000e+02   4.7143680e-02
   1.9400000e+02   4.7136460e-02
   1.9450000e+02   4.7129228e-02
   1.9500000e+02   4.7117163e-02
   1.9550000e+02   4.7109902e-02
   1.9600000e+02   4.7102628e-02
   1.9650000e+02   4.7089312e-02
   1.9700000e+02   4.7080806e-02
   1.9750000e+02   4.7072287e-02
   1.9800000e+02   4.7058924e-02
   1.9850000e+02   4.7050376e-02
   1.9900000e+02   4.7040613e-02
   1.9950000e+02   4.7032039e-02
   2.0000000e+02   4.7017410e-02
